428
864
869
632
400
204
169
804
774
769
330
765
161
154
587
333
590
230
328
689
883
99
56
489
138
138
613
121
709
700
629
799
988
862
142
382
149
961
837
154
332
470
96
228
956
72
893
649
692
289
978
934
205
362
303
902
571
557
657
384
762
805
32
90
675
401
427
739
159
324
930
688
595
449
636
797
948
789
394
462
221
773
11
614
7
50
522
407
81
618
246
451
312
753
128
860
712
536
442
431
507
244
694
694
658
914
892
901
570
434
968
397
569
929
251
752
265
124
881
84
83
33
740
204
72
136
639
370
964
403
45
386
68
298
522
811
257
314
874
943
278
294
177
126
535
14
283
949
978
775
301
669
402
59
563
97
9
171
499
543
398
914
154
267
736
988
94
569
306
175
420
594
87
817
795
512
327
594
593
469
707
123
916
713
501
495
971
483
884
305
862
882
463
62
755
779
663
749
467
846
50
340
972
957
733
916
352
469
562
551
966
152
731
681
544
657
717
454
52
753
712
146
559
10
942
847
199
827
794
242
751
643
452
958
33
177
282
662
287
331
728
77
786
733
355
424
983
597
330
358
31
37
302
999
405
672
28
883
670
817
97
988
436
80
573
727
475
902
515
55
24
19
720
675
38
294
210
256
483
677
723
178
890
733
486
559
202
732
321
796
416
893
795
740
760
629
888
886
234
980
547
791
435
341
843
857
768
577
649
242
506
696
457
191
751
674
583
754
661
174
828
57
53
473
905
410
413
417
43
220
78
530
208
727
375
689
40
751
858
367
584
373
502
576
499
223
564
500
474
904
478
334
198
379
493
403
466
836
834
157
558
128
375
641
890
414
382
110
896
494
554
648
646
873
62
587
922
408
347
515
62
258
565
203
718
857
16
109
7
556
607
682
363
482
325
674
242
333
976
5
