869
106
700
147
611
25
366
838
615
980
130
712
253
916
873
447
771
35
332
24
880
641
441
188
459
513
683
115
271
172
541
444
134
533
639
426
531
149
412
387
677
623
587
622
41
774
165
371
454
821
110
488
439
648
744
416
373
474
500
94
627
462
755
651
126
825
748
268
84
488
782
528
444
406
408
409
759
233
478
992
69
422
391
78
579
817
542
120
51
258
182
314
533
589
457
944
293
992
586
881
837
762
41
517
804
234
448
536
975
549
700
535
295
989
678
475
59
134
234
452
463
458
375
559
829
760
824
827
548
793
371
344
670
987
496
937
502
153
612
340
265
579
991
784
740
121
130
230
879
718
261
355
969
883
312
253
132
481
464
595
961
203
669
682
775
84
650
93
281
733
228
333
590
9
478
546
941
868
956
768
887
449
31
797
623
555
113
226
672
87
25
801
535
880
401
22
121
731
814
848
277
452
976
434
149
128
27
117
129
261
788
457
244
879
920
772
179
716
18
721
156
50
355
788
963
695
607
437
291
281
501
555
555
544
655
436
222
521
236
122
464
780
610
536
118
88
111
525
781
53
386
616
669
370
574
925
103
736
215
870
341
79
727
358
642
688
419
538
402
370
746
673
498
889
526
654
291
756
454
331
267
469
930
663
309
415
769
67
506
75
736
138
712
139
244
192
690
243
538
349
56
997
628
905
16
732
223
98
789
163
835
483
943
86
251
560
483
153
301
631
885
232
340
769
83
7
308
482
851
323
173
116
632
480
228
979
193
437
46
333
251
653
647
608
736
239
531
872
912
80
498
289
415
639
777
626
982
826
142
211
134
255
836
728
891
37
624
614
670
812
459
158
557
938
482
512
271
944
610
809
626
596
960
504
664
16
688
518
714
339
11
84
547
279
391
481
600
947
402
483
