
7
7
9
10
11
14
16
19
24
28
31
32
33
33
37
38
40
43
45
50
50
52
53
55
56
57
59
62
62
62
68
72
72
77
78
80
81
83
84
87
90
94
96
97
97
99
109
110
121
123
124
126
128
128
136
138
138
142
146
149
152
154
154
154
157
159
161
169
171
174
175
177
177
178
191
198
199
202
203
204
204
205
208
210
220
221
223
228
230
234
242
242
242
244
246
251
256
257
258
265
267
278
282
283
287
289
294
294
298
301
302
303
305
306
312
314
321
324
325
327
328
330
330
331
332
333
333
334
340
341
347
352
355
358
362
363
367
370
373
375
375
379
382
382
384
386
394
397
398
400
401
402
403
403
405
407
408
410
413
414
416
417
420
424
427
428
431
434
435
436
442
449
451
452
454
457
462
463
466
467
469
469
470
473
474
475
478
482
483
483
486
489
493
494
495
499
499
500
501
502
506
507
512
515
515
522
522
530
535
536
543
544
547
551
554
556
557
558
559
559
562
563
564
565
569
569
570
571
573
576
577
583
584
587
587
590
593
594
594
595
597
607
613
614
618
629
629
632
636
639
641
643
646
648
649
649
657
657
658
661
662
663
669
670
672
674
674
675
675
677
681
682
688
689
689
692
694
694
696
700
707
709
712
712
713
717
718
720
723
727
727
728
731
732
733
733
733
736
739
740
740
749
751
751
751
752
753
753
754
755
760
762
765
768
769
773
774
775
779
786
789
791
794
795
795
796
797
799
804
805
811
817
817
827
828
834
836
837
843
846
847
857
857
858
860
862
862
864
869
873
874
881
882
883
883
884
886
888
890
890
892
893
893
896
901
902
902
904
905
914
914
916
916
922
929
930
934
942
943
948
949
956
957
958
961
964
966
968
971
972
976
978
978
980
983
988
988
988
999